Resultados da Otimização Bayesiana

Trial 1
Learning Rate: 0.01, Epochs: 50
Test Loss: 1.3553173065185546, Accuracy: 0.5300663590431214
Confusion Matrix:
[[5.27943197 0.10306917 1.04214384 0.65277142 0.36646816 2.29042602
  0.03435639 0.66422355 0.41227668 0.6069629 ]
 [0.18323408 0.54970224 0.5726065  0.17178195 0.18323408 0.02290426
  0.         0.13742556 1.04214384 2.04993129]
 [1.20247366 0.05726065 5.95510765 1.27118644 0.18323408 0.27485112
  0.08016491 0.25194686 0.44663307 1.72927164]
 [0.61841503 0.09161704 2.11864407 6.45900137 0.2290426  0.03435639
  0.24049473 0.10306917 1.12230875 0.43518094]
 [0.35501603 0.03435639 0.46953733 0.18323408 5.64590014 0.88181402
  0.35501603 2.88593678 0.10306917 0.53825011]
 [1.98121851 0.01145213 0.58405863 0.         0.16032982 7.35226752
  0.14887769 0.50389372 0.09161704 0.61841503]
 [0.06871278 0.         0.08016491 0.56115437 0.17178195 0.05726065
  3.34402199 0.         0.         0.        ]
 [0.96197893 0.         0.2290426  0.06871278 2.73705909 0.54970224
  0.04580852 6.44754924 0.         0.41227668]
 [0.58405863 0.09161704 1.25973431 0.91617041 0.         0.33211177
  0.01145213 0.01145213 5.95510765 1.47732478]
 [0.69857994 0.33211177 2.45075584 0.20613834 0.14887769 0.32065964
  0.02290426 0.37792029 1.00778745 5.88639487]]

Trial 2
Learning Rate: 0.01, Epochs: 50
Test Loss: 1.2246627688407898, Accuracy: 0.5769130945205688
Confusion Matrix:
[[6.65368759 0.08016491 1.12230875 0.18323408 0.17178195 1.58039395
  0.02290426 0.96197893 0.28630325 0.38937242]
 [0.37792029 0.62986716 0.52679798 0.2290426  0.26339899 0.
  0.         0.2290426  0.61841503 2.03847916]
 [0.85890976 0.06871278 6.9628951  0.98488319 0.19468621 0.35501603
  0.19468621 0.19468621 0.27485112 1.36280348]
 [0.4580852  0.10306917 2.63398992 5.98946404 0.20613834 0.03435639
  0.37792029 0.12597343 0.89326615 0.62986716]
 [0.5726065  0.05726065 0.51534585 0.18323408 6.33302794 0.69857994
  0.20613834 2.29042602 0.09161704 0.50389372]
 [1.43151626 0.04580852 0.6069629  0.         0.21759047 7.69583142
  0.17178195 0.80164911 0.24049473 0.24049473]
 [0.03435639 0.         0.13742556 0.29775538 0.05726065 0.1145213
  3.61887311 0.02290426 0.         0.        ]
 [1.03069171 0.         0.30920751 0.02290426 2.78286761 0.66422355
  0.03435639 6.27576729 0.04580852 0.28630325]
 [0.80164911 0.08016491 1.27118644 0.75584059 0.10306917 0.03435639
  0.         0.05726065 6.76820889 0.76729272]
 [0.41227668 0.43518094 1.92395786 0.14887769 0.10306917 0.38937242
  0.         0.46953733 0.82455337 6.74530463]]

Trial 3
Learning Rate: 0.01, Epochs: 100
Test Loss: 1.2191317200660705, Accuracy: 0.5900312304496765
Confusion Matrix:
[[6.44754924 0.01145213 1.15666514 0.16032982 0.25194686 1.96976638
  0.03435639 0.38937242 0.43518094 0.59551077]
 [0.24049473 1.31699496 0.50389372 0.26339899 0.20613834 0.02290426
  0.         0.25194686 0.74438846 1.36280348]
 [0.89326615 0.13742556 6.29867155 1.01923958 0.17178195 0.28630325
  0.20613834 0.24049473 0.43518094 1.76362803]
 [0.4580852  0.26339899 2.39349519 6.04672469 0.2290426  0.08016491
  0.35501603 0.10306917 0.81310124 0.71003207]
 [0.56115437 0.03435639 0.30920751 0.1145213  6.51626202 0.48098946
  0.25194686 2.31333028 0.1145213  0.75584059]
 [1.408612   0.05726065 0.59551077 0.01145213 0.21759047 7.86761338
  0.08016491 0.79019698 0.09161704 0.33211177]
 [0.04580852 0.         0.12597343 0.30920751 0.14887769 0.20613834
  3.4241869  0.02290426 0.         0.        ]
 [1.0650481  0.01145213 0.37792029 0.         2.22171324 0.46953733
  0.04580852 7.15758131 0.         0.10306917]
 [0.71003207 0.3435639  1.14521301 0.71003207 0.01145213 0.02290426
  0.         0.04580852 6.93999084 0.71003207]
 [0.36646816 0.51534585 1.60329821 0.24049473 0.09161704 0.33211177
  0.01145213 0.51534585 0.77874485 6.99725149]]

Trial 4
Learning Rate: 0.01, Epochs: 100
Test Loss: 1.1769017100334167, Accuracy: 0.6033451020717621
Confusion Matrix:
[[6.72240037 0.06871278 0.77874485 0.33211177 0.27485112 1.62620247
  0.02290426 0.49244159 0.52679798 0.6069629 ]
 [0.19468621 1.21392579 0.36646816 0.3435639  0.2290426  0.02290426
  0.         0.3435639  0.56115437 1.6376546 ]
 [0.91617041 0.26339899 6.17269812 1.39715987 0.16032982 0.24049473
  0.14887769 0.26339899 0.46953733 1.42006413]
 [0.41227668 0.28630325 2.15300046 6.48190563 0.1145213  0.05726065
  0.40082455 0.12597343 0.79019698 0.62986716]
 [0.62986716 0.06871278 0.35501603 0.13742556 6.18415025 0.64131929
  0.32065964 2.46220797 0.10306917 0.54970224]
 [0.90471828 0.04580852 0.7214842  0.03435639 0.24049473 8.52038479
  0.12597343 0.3435639  0.09161704 0.42372881]
 [0.03435639 0.         0.14887769 0.28630325 0.08016491 0.24049473
  3.46999542 0.02290426 0.         0.        ]
 [0.76729272 0.01145213 0.36646816 0.01145213 1.82088869 0.61841503
  0.03435639 7.75309208 0.         0.06871278]
 [0.71003207 0.12597343 1.04214384 0.7214842  0.02290426 0.16032982
  0.         0.08016491 7.21484196 0.56115437]
 [0.36646816 0.54970224 1.70636738 0.26339899 0.09161704 0.38937242
  0.01145213 0.48098946 0.9505268  6.64223546]]

Trial 5
Learning Rate: 0.01, Epochs: 200
Test Loss: 1.2125656485557557, Accuracy: 0.59346142411232
Confusion Matrix:
[[6.83692167 0.03435639 0.82455337 0.36646816 0.33211177 1.28263857
  0.02290426 0.52679798 0.68712781 0.53825011]
 [0.21759047 1.11085662 0.38937242 0.40082455 0.25194686 0.
  0.         0.29775538 0.65277142 1.59184608]
 [0.90471828 0.28630325 6.16124599 1.44296839 0.19468621 0.29775538
  0.14887769 0.17178195 0.59551077 1.24828218]
 [0.41227668 0.20613834 2.15300046 6.50480989 0.14887769 0.06871278
  0.33211177 0.1145213  0.92762254 0.58405863]
 [0.49244159 0.06871278 0.3435639  0.19468621 6.75675676 0.51534585
  0.25194686 2.03847916 0.14887769 0.64131929]
 [1.19102153 0.04580852 0.61841503 0.03435639 0.35501603 8.07375172
  0.05726065 0.56115437 0.16032982 0.35501603]
 [0.         0.         0.19468621 0.30920751 0.16032982 0.14887769
  3.44709116 0.02290426 0.         0.        ]
 [0.81310124 0.         0.59551077 0.         2.40494732 0.44663307
  0.03435639 7.06596427 0.         0.09161704]
 [0.48098946 0.42372881 0.99633532 0.64131929 0.03435639 0.13742556
  0.         0.08016491 7.38662391 0.4580852 ]
 [0.49244159 0.65277142 1.98121851 0.26339899 0.16032982 0.3435639
  0.         0.44663307 1.04214384 6.06962895]]

Trial 6
Learning Rate: 0.01, Epochs: 200
Test Loss: 1.1851355195045472, Accuracy: 0.6014179825782776
Confusion Matrix:
[[6.80256528 0.13742556 0.77874485 0.36646816 0.32065964 1.39715987
  0.02290426 0.50389372 0.51534585 0.6069629 ]
 [0.20613834 1.27118644 0.3435639  0.38937242 0.17178195 0.03435639
  0.         0.27485112 0.54970224 1.67201099]
 [0.82455337 0.26339899 5.92075126 1.46587265 0.20613834 0.30920751
  0.13742556 0.30920751 0.38937242 1.62620247]
 [0.35501603 0.27485112 2.19880898 6.60787907 0.18323408 0.06871278
  0.2290426  0.14887769 0.68712781 0.69857994]
 [0.42372881 0.06871278 0.28630325 0.14887769 6.72240037 0.54970224
  0.21759047 2.26752176 0.14887769 0.61841503]
 [1.1795694  0.06871278 0.62986716 0.01145213 0.25194686 7.90196977
  0.1145213  0.68712781 0.08016491 0.52679798]
 [0.01145213 0.         0.14887769 0.29775538 0.14887769 0.1145213
  3.50435181 0.04580852 0.         0.01145213]
 [0.76729272 0.         0.3435639  0.         2.10719194 0.46953733
  0.04580852 7.51259734 0.         0.20613834]
 [0.80164911 0.13742556 1.01923958 0.71003207 0.03435639 0.13742556
  0.         0.10306917 7.11177279 0.58405863]
 [0.36646816 0.59551077 1.59184608 0.30920751 0.17178195 0.42372881
  0.         0.4580852  0.69857994 6.83692167]]

Trial 7
Learning Rate: 0.001, Epochs: 50
Test Loss: 1.050543063879013, Accuracy: 0.6401129543781281
Confusion Matrix:
[[7.68437929 0.01145213 0.74438846 0.26339899 0.14887769 1.05359597
  0.02290426 0.44663307 0.53825011 0.53825011]
 [0.19468621 1.23683005 0.36646816 0.35501603 0.24049473 0.02290426
  0.         0.24049473 0.61841503 1.6376546 ]
 [0.73293633 0.17178195 6.50480989 1.27118644 0.20613834 0.29775538
  0.14887769 0.2290426  0.3435639  1.54603756]
 [0.37792029 0.27485112 2.22171324 6.60787907 0.18323408 0.05726065
  0.26339899 0.1145213  0.67567568 0.67567568]
 [0.29775538 0.06871278 0.28630325 0.10306917 7.28355474 0.41227668
  0.28630325 2.09573981 0.1145213  0.50389372]
 [0.58405863 0.04580852 0.5726065  0.02290426 0.19468621 8.97847
  0.13742556 0.40082455 0.14887769 0.36646816]
 [0.01145213 0.         0.13742556 0.26339899 0.1145213  0.13742556
  3.61887311 0.         0.         0.        ]
 [0.61841503 0.         0.3435639  0.         1.83234082 0.42372881
  0.04580852 7.98213468 0.         0.20613834]
 [0.73293633 0.08016491 1.08795236 0.59551077 0.05726065 0.17178195
  0.         0.08016491 7.28355474 0.54970224]
 [0.27485112 0.5726065  1.69491525 0.25194686 0.18323408 0.37792029
  0.         0.48098946 0.7214842  6.89418232]]

Trial 8
Learning Rate: 0.001, Epochs: 50
Test Loss: 1.0348491191864013, Accuracy: 0.6426558434963227
Confusion Matrix:
[[7.83325699 0.04580852 0.68712781 0.24049473 0.13742556 1.01923958
  0.02290426 0.40082455 0.53825011 0.52679798]
 [0.19468621 1.24828218 0.38937242 0.3435639  0.21759047 0.02290426
  0.         0.27485112 0.5726065  1.64910673]
 [0.79019698 0.18323408 6.42464498 1.25973431 0.19468621 0.30920751
  0.12597343 0.20613834 0.41227668 1.54603756]
 [0.35501603 0.26339899 2.31333028 6.55061842 0.21759047 0.05726065
  0.25194686 0.1145213  0.7214842  0.6069629 ]
 [0.29775538 0.03435639 0.29775538 0.12597343 7.47824095 0.44663307
  0.27485112 1.91250573 0.1145213  0.46953733]
 [0.6069629  0.04580852 0.53825011 0.02290426 0.18323408 8.93266148
  0.16032982 0.44663307 0.12597343 0.38937242]
 [0.02290426 0.         0.12597343 0.27485112 0.1145213  0.13742556
  3.59596885 0.01145213 0.         0.        ]
 [0.61841503 0.         0.35501603 0.         1.95831425 0.42372881
  0.04580852 7.90196977 0.         0.14887769]
 [0.79019698 0.05726065 1.05359597 0.59551077 0.03435639 0.12597343
  0.         0.05726065 7.36371965 0.56115437]
 [0.28630325 0.56115437 1.55748969 0.27485112 0.18323408 0.40082455
  0.         0.49244159 0.71003207 6.98579936]]

Trial 9
Learning Rate: 0.001, Epochs: 100
Test Loss: 1.0538005888462068, Accuracy: 0.637437778711319
Confusion Matrix:
[[7.6500229  0.04580852 0.76729272 0.26339899 0.10306917 1.0650481
  0.02290426 0.44663307 0.54970224 0.53825011]
 [0.17178195 1.27118644 0.36646816 0.32065964 0.25194686 0.02290426
  0.         0.26339899 0.5726065  1.67201099]
 [0.80164911 0.21759047 6.32157581 1.28263857 0.20613834 0.30920751
  0.1145213  0.24049473 0.40082455 1.55748969]
 [0.3435639  0.29775538 2.26752176 6.44754924 0.19468621 0.05726065
  0.28630325 0.1145213  0.77874485 0.66422355]
 [0.26339899 0.05726065 0.27485112 0.10306917 7.35226752 0.43518094
  0.29775538 2.07283555 0.1145213  0.48098946]
 [0.50389372 0.04580852 0.56115437 0.01145213 0.2290426  8.89830508
  0.13742556 0.50389372 0.18323408 0.37792029]
 [0.01145213 0.         0.12597343 0.26339899 0.10306917 0.1145213
  3.6532295  0.01145213 0.         0.        ]
 [0.64131929 0.         0.32065964 0.         1.98121851 0.38937242
  0.04580852 7.9134219  0.         0.16032982]
 [0.76729272 0.06871278 0.99633532 0.6069629  0.05726065 0.17178195
  0.         0.08016491 7.27210261 0.61841503]
 [0.24049473 0.6069629  1.54603756 0.26339899 0.20613834 0.38937242
  0.         0.51534585 0.67567568 7.00870362]]

Trial 10
Learning Rate: 0.001, Epochs: 100
Test Loss: 1.0354365885257721, Accuracy: 0.6398701965808868
Confusion Matrix:
[[7.73018781 0.05726065 0.74438846 0.25194686 0.12597343 1.07650023
  0.02290426 0.42372881 0.53825011 0.48098946]
 [0.17178195 1.30554283 0.37792029 0.32065964 0.2290426  0.02290426
  0.         0.28630325 0.61841503 1.58039395]
 [0.74438846 0.20613834 6.29867155 1.25973431 0.20613834 0.29775538
  0.12597343 0.20613834 0.52679798 1.58039395]
 [0.36646816 0.29775538 2.2446175  6.50480989 0.19468621 0.05726065
  0.26339899 0.1145213  0.77874485 0.62986716]
 [0.28630325 0.05726065 0.30920751 0.10306917 7.48969308 0.37792029
  0.25194686 1.94686212 0.1145213  0.51534585]
 [0.59551077 0.04580852 0.54970224 0.02290426 0.24049473 8.86394869
  0.14887769 0.42372881 0.19468621 0.36646816]
 [0.01145213 0.         0.16032982 0.26339899 0.10306917 0.1145213
  3.61887311 0.01145213 0.         0.        ]
 [0.53825011 0.         0.36646816 0.         2.04993129 0.42372881
  0.04580852 7.89051764 0.         0.13742556]
 [0.65277142 0.06871278 0.99633532 0.62986716 0.02290426 0.13742556
  0.         0.09161704 7.43243243 0.6069629 ]
 [0.27485112 0.61841503 1.62620247 0.26339899 0.17178195 0.35501603
  0.         0.51534585 0.74438846 6.88273019]]

Trial 11
Learning Rate: 0.001, Epochs: 200
Test Loss: 1.0539381623268127, Accuracy: 0.6339248180389404
Confusion Matrix:
[[7.52404947 0.04580852 0.80164911 0.24049473 0.13742556 1.13376088
  0.02290426 0.4580852  0.54970224 0.53825011]
 [0.19468621 1.27118644 0.40082455 0.30920751 0.19468621 0.02290426
  0.         0.29775538 0.59551077 1.62620247]
 [0.7214842  0.20613834 6.40174072 1.1795694  0.20613834 0.32065964
  0.1145213  0.21759047 0.54970224 1.53458543]
 [0.36646816 0.28630325 2.26752176 6.49335776 0.20613834 0.05726065
  0.2290426  0.1145213  0.79019698 0.64131929]
 [0.24049473 0.05726065 0.30920751 0.1145213  7.44388456 0.37792029
  0.24049473 2.00412277 0.1145213  0.54970224]
 [0.61841503 0.04580852 0.56115437 0.02290426 0.21759047 8.68071461
  0.17178195 0.50389372 0.18323408 0.44663307]
 [0.01145213 0.         0.14887769 0.27485112 0.1145213  0.12597343
  3.59596885 0.01145213 0.         0.        ]
 [0.52679798 0.         0.37792029 0.         2.10719194 0.44663307
  0.04580852 7.77599634 0.         0.17178195]
 [0.74438846 0.05726065 1.05359597 0.59551077 0.02290426 0.16032982
  0.         0.08016491 7.306459   0.61841503]
 [0.30920751 0.52679798 1.62620247 0.28630325 0.19468621 0.37792029
  0.         0.50389372 0.69857994 6.92853871]]

Trial 12
Learning Rate: 0.001, Epochs: 200
Test Loss: 1.0321878910064697, Accuracy: 0.6432372033596039
Confusion Matrix:
[[7.9134219  0.05726065 0.7214842  0.2290426  0.08016491 1.01923958
  0.02290426 0.43518094 0.48098946 0.49244159]
 [0.21759047 1.28263857 0.35501603 0.30920751 0.2290426  0.02290426
  0.         0.27485112 0.59551077 1.62620247]
 [0.81310124 0.19468621 6.42464498 1.19102153 0.20613834 0.32065964
  0.12597343 0.20613834 0.43518094 1.53458543]
 [0.37792029 0.28630325 2.27897389 6.44754924 0.19468621 0.05726065
  0.25194686 0.10306917 0.79019698 0.66422355]
 [0.30920751 0.05726065 0.27485112 0.1145213  7.36371965 0.37792029
  0.28630325 2.02702703 0.1145213  0.52679798]
 [0.61841503 0.04580852 0.54970224 0.01145213 0.2290426  8.80668804
  0.13742556 0.51534585 0.17178195 0.36646816]
 [0.01145213 0.         0.14887769 0.28630325 0.09161704 0.13742556
  3.60742098 0.         0.         0.        ]
 [0.64131929 0.         0.33211177 0.         1.92395786 0.36646816
  0.04580852 8.00503894 0.         0.13742556]
 [0.53825011 0.06871278 1.03069171 0.61841503 0.02290426 0.14887769
  0.         0.08016491 7.52404947 0.6069629 ]
 [0.32065964 0.61841503 1.61475034 0.26339899 0.18323408 0.3435639
  0.         0.49244159 0.65277142 6.9628951 ]]

